 2.822            2.822            2.277            11133819447       0                   0               0                 0                        0                 0             matmult_mkn
 2.552            2.552            2.187            10914194713       0                   0               0                 0                        0                 0             matmult_mnk
 2.692            2.692            2.314            10683529796       0                   0               0                 0                        0                 0             matmult_nkm
 2.682            2.682            2.329             9829513198       0                   0               0                 0                        0                 0             matmult_nmk
 2.612            2.612            2.276            10887594764       0                   0               0                 0                        0                 0             matmult_knm
 2.502            2.502            2.291            11208064683       0                   0               0                 0                        0                 0             matmult_kmn
 2.992            2.992            2.587            12738604857        4268554             4267626        0                 0                        0                 0             matmult_mkn
 2.992            2.992            2.509            12222039510              0                   0        0                 0                        0                 0             matmult_mnk
 3.002            3.002            2.548            11702948881        8537054             4267042        0                 0                        0                 0             matmult_nkm
 3.002            3.002            2.496            11407412396              0             4270199        0                 0                        0                 0             matmult_nmk
 3.002            3.002            2.497            11423566712        4270039             4270814        0                 0                        0                 0             matmult_knm
 2.982            2.982            2.588            12628677305        4267787             4266989        0                 0                        0                 0             matmult_kmn
 3.002            3.002            2.597            13060050161        4269575             4268852              0                 0                  0                 0             matmult_mkn
 3.002            3.002            2.510            12269417063       25619347            25611595              0                 0                  0                 0             matmult_mnk
 3.002            3.002            2.573            12009410899       29857522            25602748        1334597           1335846                  0                 0             matmult_nkm
 3.002            3.002            2.587            12013227927        4267156             4265670              0                 0                  0                 0             matmult_nmk
 3.002            3.002            2.574            12028489997       21335923            21335238              0                 0                  0                 0             matmult_knm
 3.012            3.012            2.600            13039274380        8537479             8537933              0                 0                  0                 0             matmult_kmn
 3.282            3.282            2.833            14384583510                0             4267823              0           1601730                0                       0       matmult_mkn
 3.583            3.583            3.014            10494136744        475813182           414072960       61380537          60957660                0                       0       matmult_mnk
 3.703            3.703            3.196            10453529274        998372962           934776425       64038379          65660123                0                 1544554       matmult_nkm
 3.222            3.222            2.781            11088604508        471249591           469505859        1335259                 0                0                       0       matmult_nmk 
 3.733            3.733            3.182            10463578046        999307568           938860830       64049522          62463820                0                       0       matmult_knm
 3.352            3.352            2.845            14409850630          5119120                   0        2669872           1602548                0                       0       matmult_kmn
 5.684            5.684            4.527             23019282592         4268405             5120518        1334228                 0                      0                   0     matmult_mkn
 6.314            6.314            5.226             21015913161       990401778           865418188      121494615         121149293                 200156                   0     matmult_mnk
 8.306            8.306            7.147             21025051397      1992273901          1806580425      186348745         186734079                 266928           315019694     matmult_nkm
 6.084            6.084            5.252             21977272646       978703537           973510724        1567390           1601374                      0                   0     matmult_nmk
 8.726            8.726            7.242             21080213568      1988571518          1797752670      189608001         189867470                 556725           323192763     matmult_knm
 5.594            5.594            4.527             22974207630         4269183             5120286        1334673           1601954                      0                   0     matmult_kmn
 42.720           42.720           36.320            183937534982        59753638            57192322         4004521           2669617                 1401353              0       matmult_mkn
 85.100           85.100           72.077            168357872977      7768828646          2717551304      5049003847        4258428763               789902651              0       matmult_mnk
 88.762           88.762           76.492            168580392758     15774990045          3984651915     11790703780       10910473321               875044755              0       matmult_nkm
 68.968           68.968           59.513            176281141300      7710488050          3095875076      4613373482        4560456380                51938171              0       matmult_nmk
 95.737           95.737           79.530            168750743688     15764662830          3930775405     11836459435       10973918298               865154364        1465934       matmult_knm
 42.750           42.750           36.480            183864060094        60823779            49728869         6745650           2722670                 4211089              0       matmult_kmn
